00000297
0BC28293
30529073
00800313
30032073
40000393
40038393
08038393
3043A073
80000437
00740413
00440493
00097913
01090913
00007537
40050593
40058593
00077713
08000793
0002F293
0F0A0A13
093A8A93
01428023
00000013
01528223
00000013
00000013
F80A8A93
0152A223
00000013
00000013
030006B7
FFF68693
FE069EE3
00170713
00E52023
FEDFF0EF
03000837
FFF80813
FE081EE3
00F52823
0017D793
00079A63
00000013
30200073
00000013
00000013
34202673
FC860AE3
00960A63
03260263
00000013
00000013
30200073
07800893
03152023
30200073
00000013
00000013
07900993
033503A3
30200073
00000013
00000013